92

Collega-dictaat van een der studenten (Dogmatiek).

Wannoer 111 6611 5111111161 111 1111111 17111861, 11611, dan 15111151 (16 111 8617170116
01115111110181160611 8626861106 working 171111 1161 111060 nu 1761·(161176110; 26 00616611
17612117611118 0111510618 511111 111611 1161 111060 111, (1001 0611 17111861 16 111110611, dan
15 61 86611 861711111 17001 6611 1111665.

Ε611 100011101161 111111 86611 1111711110 (117111111661 (16 111115, 1717111111111185 21]· 10011611
111061, 01186111011611 21111) 20010118 61· 86611 116116 1101111; 11111111 1101111 61 116116 611
21111 (16 111115 171768, 01111 1761111611 211· 21011 zois.

Ν66111 van 6611 51001115611111 1061· 611 11011111115 weg: 20011111811615111111 (16
111117611 1181, 2111 1161 11161 11111(161611; 11111111 811111 1161 17001011, 1101111 61 116117681118
111, (11111 1111111111 1161 8611115 171111 1061· 611 11011111115, (1111 1161 5611111 21611 2611
1761111611.

Α116 1111111111, 61116 16176115116116, 15 011 21611 2611ἱ 116111111111; 11111111· 2000111 26 effect
11681111 16· 5011661611, 111061 26 111111 6611 1611861 8611001211111611; 170181 26 (11611, dan
15 1161 806(1; 171761111 26 2011061 (11611 1611861, (11111 111061 0162611116 working 1611 1761·-
(161176 8111111. En 171761 11161, 01110111 61 dan 86611 116111111118 011686115;1111111101110111
(116 1161111118, 016 16861, 11161 11611111110 17170101 1111111· (1611 111110 171111 1161 170011176111,
11111111· 51111018 15 11161 0611 111110 171111 21111 171762611. ·

Η61 5611111 2011061 1061 of 11011111115 170181 171761 66116 1161111118, (116 26115 17001111
11111111611111115611 111151 2111 1101111611 111111868617611 1717010611, 11111111 11161 (116 11761116
1161100106 bij 1161 5611111, 11111111· (116 1161101110 17170101 (1001· 17171110 611 511001111118.
Ε17611200 11161 (16 106011101161. Waar (16 171761 0111101101, 21111 Wij 11161 1161161005,
11111111 5111111 06 171761 111 minus 01761. Paulus 2681 0111110111 Rom. 7 : 23: ,,Μ11111
111 216 6611 11110616 11761 111 11111116 160611, 171761116 5111101 168611 06 171761 ,11111115
861110605.” De 171761 171111 1161 116116610 86111060 116611 (3005 171761 1161; maai· 011111-
16861101761· 5111111 6611 11110616 171761, 11161 (16 171761 1711111111111 171762611,17171111106661111610
van 1161 11762611 1181 111 1161 86111060, 11111111 171111 (16 160611. En (116 1176115 06261106
1115 bij 1161 5100111561111) (16 171761 van 51100111, 1171110, 111111101118 6112.

11111111 171711 (1115 862680 hebben, (1111 (16 working 1611 1761061176 11115 01115111111011
’1 1110111611111111 compositionis, (111111 1170101 0115 (111 (1010611111 uit 110176115111111106
1166111611. (100 56116111 (16 2161 neutra-ah 11111111 111 15 111111 (16 2161 (16 justit-ia ori·
811111115 0111110110611, 01111 11161181 (111 1108 86611 201106 111 06 2161, 2001111118 61· 86611
working 0111511101. Η61 51001115611111, (1111 5111 1181; (16 5111111161,1171111116611161111060
15 111865101611, doc-n 86611 1111711110, Matar 2000111 06 2161 (1001· compositio 611111
corporo orgaan 171111 (1611 116150011 1170101, 1101111 61· 116116 611116811110115061111111111·
16 1176111611. Ε11 (1626 116116, 2110171761 vem 2161 1115 116111111111, 01110111 26 11011111115 611
roei· 111151, 5111111 oo 11150 111 6611 17610611761106 working 0111, 611 wel 661111761111118
(116 861701111(1 15 1111111· ’t 5611611111, 117111111111111 1161100111 611 2161 8656111111611 21111.

Wij 1161111611 1108 2 (0110101111 16 1165111611611ῑ

1⁴· Of (16 11106061· 0011 (111111-106 1111011111812713626 1711111815 (1111110111 (111711115,0111(1111

