127
college-dictam] van 6611 der studenten (Dogmatiek).

66111661116 1115 6611 6111(61, 1111 111611(5 111100611111111 5111116111110616111111111111161111111611
van 0611 (111-1610011161( Nu 1(1111 61 1016661161 665(τ1116(1611; 11( 1(1111 mi] 06111(611,

’ dat 1111165 016 5111111611 11116 1111111611 van 0611 01111161( 111 1161 1111006111111116601116111

wordffll3 611 (1111111111, (1111 211 1111 1161 middelpunt 111661 161116111061611 1111111· (1611
01111161(; 0115 6611 50011 11161116161106 11111611, 6116111115 111 06 015501111116Υ161115. Zoo
15 1161 1111 001( 11161 (1611 0111151611; 111 0111151115 15 0115 1611611, 11111111· (1111 1611611
111061 (1111006160 1111111 06 peripheria van (16 11161610 111 (16 60606 11161·1(611.8(·111111
ik 6611 kind Van God over (116 1161111116116 116611. (111111111αῇ1 (161111110111610111151115
105 611 111111 011111611166611 11116 211111111161111111 op (16 60606 11161·1(611; (111116 11( 6611
1(111(1 van God 1111111· 1161 111100611111111, dan 16611 hij 11116611111 0111151115 6111161110611
21011 11161 11161. (16 peripheria (1. 1. (1061 66611 „goede 11161·1(611.”

Hel) ik 1111 66116 maatschapmj, 11111111 11661 6650101611 1110101 01161· 0111151115.
11111111 0111151115 wel-king 111 06 1161111116116 111111 ’1 1611611 1111611116 6621611 11101111.
(11111 111061 11( 111111011116611 op (16 60606 11161·1(611, 0111 0111151115 (1011111116116110011611
611 16 1161·11661·11]1(611. 1)06 11( (111 6611161· 16 6611211016, (11111 516111 (1(- band 11161
0111151115 111 611 1161111111 111611 111 (1611 ,,11161·1(611(1161151” van Rome.

Ο111661(661·0 1(0111 11( 111 6611 1111101561111111111 11111111· ’t 1316115016 51611( 1110601. (11111
111061 11( opta-eden 166611 (116 60606 11161’1(611 611 11112611 op 1161, 1111(1(161111·1111; 611
haar 200 161116011116611 1111111 0111151115 611 (16 111110 mystica 611111 01111510. Drijs
ik (1611 1116115611 200 1111111· 0111151115 161116, (1611 11661611 51111111 1111165, (11111 15 61111
116111 66611 1161501111 111111 20110611 of 60606 11161·1(611; 11111111 111 0111151115 15 1161121111
611 11161 1161 11101·(1611; 611 (11111 1(011“1 11( 61 106 16 2666611; 61· 15 11111111· 66116 201106
111. 11161 16 6·61001·611; 611 11111111 6611 6060 11161·1(; 16 6610011611 111 0111151115.

Η61) 11( (1115 66116 6611166016, 11111111111 111111 (16 60606 111611(61111161660111111 110101
611 11116611 06 Unio Mystica 1161106111 worm 611 611 11( (11111 (1001 1111111 111-60110111
(111 11115110151116 1106 1161101061611, (11111 (106 11( 201106, 11111111 (11111 1161616611 11((1626
661121101611610.

11611 11( 011111611166611 6611 11161151156116 66111661116, (116 0111 (16 Unio 1111151161111161
(16111(1, (11111 (106 11( 6116112661· 201106. 111111111661· 11( (111111661116111111110660606
11161“1(611 11161 166611 611 (1001· 16 11112611 op 1161 1611611 111 0111151115.

1)6 11111116ε 11111111·ορ 11( nauch-ingen 111061. 11111161 (1115 111 111111 (1611 1065111110 (161·
66111661116.

Mam· op 21611 2611 1161 (16 211111( 200, (1111 111 0111151115 66006111 11116 0615011611.
kar-amors, 5111110611 6112. 661111( 21]·11 611 (1115 001( (16 60606 11161’1(611; 600611 116111
,11( 1161 006 op (16 11111110611116 van 1161 1611611 0005 111 1161(161111111111111611611, (11111
15 61· 11161- 0110615611610 1055011611 06 perso-nen, 5111110611 6112. 611 (1115 001( 1115-
5611611 06 60606 11161·1(611 611 (16 20110611. Β65611011111 11( (16 211111( 111111 11110111151115.
dan 15 11116 1161561111 6611 (11116,11511610; 1165611011111 11( (1611 mum-ek. (11111 111061 het
1161561111 66111111011111110.

