·000οἶ20020 *2200022 020000 ,2020222222 2022 20222 *2022020000 2022 ,20020 22200,20022022
·2202. 02) 2202 020 *0022002022 00222 2200 *0002 22202022220200 20222 0222200 020 ,2002)

2002202222 2022 §JV ,·[20 2202020,200,222220 02[22,2ᾼο20220020 0222222020οφ θροοΛ2η 02) Jl()

·9JJ0JJJ.50rJ'J{JJ.5² 2000 *20 «22022 0220222222,202020 00022 ml ·q

·p1 220 2,20222222.202020 20002222οἅ 2220220 2002212 ‘ooq 220 0220222222,2020(Ῑ ἐ

’ -·00222222,202 00022 220222 20022 2200220020 02 2222 2220 020
·,222022022 ,2020 02220002 020222ζᾷ20 (ίο
0220222οφ 2220 220020 (JJJJOJJ ι2200 2200 200 2020 *0900 ,200222 2202002 2200202022002200
2002200222 2200 ,20020 2020 ,200[2 2022 2200 222) 2200 ,2222220022 020 2222 2020022000 2200
00002022 02020022 22οῙ1*·2022020202,200222*2022002220222 20222 2202 22020 ,2000 2002202
,222 2022 2200 9JJ99JJJJ 020 2200 02 2222 007 02200220 20222 20000 02000022 J 222
00202200 20000 0200002 222 ,200222 *2022022 020 22022 220200122220 2200 2022 02 22020222
9pz9g 22·20 22020 JJ9b‘9J so 2002 220020 2220 2022202 2022 22002 *2200-[222200 220202

02 202 2220 2020222020 2222222 2220202 2200 222022 2022022 020 ,20200002 2200 ,20022220 AJ
’202002 2200000222οὅ :JJ 2020 000 so

2222020222 0022220 2202 22[2222 2020 9ρο *00οῤ202 00022 22Το 220020 0202 2202 :ff ³3
*220022022οο
,200222 20222 2202202202 [20 222002 *2002202002 20222 ,200222 *2202 JJ9AJJJ 2200 20022200]
0000022120 .*20222022 22022 222 2202002200οὅ 022 20222 ,200 2022 02 0οΖ 2002202222 2020
2200 220202209002202 22[20 02 20 *[2,20220 2200220222 020 2202002 *2009 0220 ’2220222000 220
5200202020 2022 2009 [Jq 02 *02 2002202222 2022 2200220222 2202) [20 JJJAJ ·[2,20 ,200222
20222 2002202002 02220 02 2209 ,2209 0020220000 20020020 22[2Ζ 2200 [2Η 02 ,200222
*[220200222 20222 2002202002 2202 22220 02 *220022 20220200 2002222200 2009 2222 ,220οψ12
·0002 [2,20 2002202002 220 20022200] [2Η [[020002 *2002200 2220222002 2200 220022

2009 22002020 2202 020 2202Λ2 2202 2009 020οΗ 22020 20222 ,0200 2022 02 002
0222022οΓ 00 2022 do 2020 202022[2,20 02002,2020222 222002 *0200222202
020 20222 ,200222 2020221220 020022020222 020 [20 202222 220020 *20022 02222200 2200 22200
,202020 9JJJJ929JJJ 022 002 ‘JJJJJ 200222 202 02 *20222022 ,2020202200 2200 do 022) *,222020
22022 ·2002002200 20222 00020 2202002 JJJ9JJJJJJJ 9J99JJJ.J9J <off ·,,2002 2022 ,20022
22020202 2020 *000 clo 2022200 2200 02022000 522000 02 0222002 20[22 2202020220 2200
clo 2220 2202202022οῳ 220002222οῑ2 2022 22002 2202 020 JsfJJq 00222 20020 *22000 02 siJJJJJ

,2220220000 2020οάοφ 2200 do JJJJOJJ JJ9b‘JJ0JJJJJJb' 2202 020 J99JJJJJJ.JJ ,200 ,1
ῑ220200 *0002 220222.2022220 22[20 2022020000, 2022 020 *22[20 2200 [2222 ,200222 20222 2202

020 2020 *20002000 2220 222 2000002000 *2200222222οροᾳ 02 22) 020200 020 22000]
·202022, 020 02020202 2202020002· ,2 220 00022222

-2202000 ,220 00020 2ἰο 22022,200222.201[0,209 220 ’220202222οΜ ,2020 2020002200 2022
·2009 222222 020οΗ 22022 220002 22000022 200222220000

,2022222222 2200202222οο 22002 220 2202020022 02222202 02002220 000 00200220 020 22η] ·[

02020 2202222222 2200 0202200 ,0200 22020 0222200220 2200 20οΠ q

¹(quan500) 22020ορ020 000222022000022220 Jmn 20222-’222246022οῥ

92.

