62

Colleqe-dictaat ναη onderscheidene studenten (ooymatiek).

71677 440415244v444s van 716 67787661 16 6671167677. Το617 61671717) 1777 1761 7776177677
677 717 176816787176 Kerk· 7777 176777 66611,67·677618 716 6776686176, het (’7·677-
1767778767) 6677766761 004· 716 876016817617677 677 op 177777 706187760717711767,
Calvijn 7)776.1667·71677 1761 ζ7·’7)617777778777.6. Ζο0 77707711 661 7709 966771717971 777
71611077777716 Co 7760771766. ][·77777 161677) 127716678617677 67]77 7677 716 077716
77671677 6196766666 677 1767677 6667· 6681781 1761 116717767677787776.

1161 Creatianisme os 716 1667, 7161 0071 16166778 716 6761677 7167· 6777716766,
7177) 96607677 760771677, 86177971, 77707711 661671677 71007· 77116 667616777766771677
77761 7767776 Ζ6776177778 677 16617778. 61116677 7117786771778 677, Ρ7866107· 6676617166,-
001· Ρ6777·67·778 677 8017777778 777 Β7771866167771. 6167687778 177771’77·7)1 1767177776-
77781786176 776797779677, 777667· 61661 10617 676617677781. e

3. Ζ)6 11. S. 96611 0778 0667· 7166 6 7777668176 96677 6677677171 7771817711861.
Ῑ7777967Ἲ7776 7779677 hebben 716 667610777766771677 96677771677 777 Ρ7671. 12; 7;
Ζ6617. 12; 1; 11667. 12: 9. — Ρ7·671. 12 : 7 6691, 71771 716 7776778617 67)-
817761 7771 Ἷτῧρ 677 mm 71771 bij 71677 710071 71666 667717) 86176771677 677 7061600,

71771 717) Ἶὲξ) 776777· 716 667716 96771, 07777161 1761 8101 7771 716 667717) 96770777677 78 677
717) [ἹἿἾ 77667· 6071, ,07777161 God 71677 7776778617 67777 96681961, 961771· 777 Gen.

2 : 7 8177771. 1)7“1 6677 77761 1767106171 67777 777 71677 6777 71771 God 777777 77116
7776778617677 6677 6761 961 9617717· 117] 66 001,- 6677 1761766777 961, 7677771 17167·
77Ηο7711 1778866677 17671 96)7777 6677 6677 6761 677 6677 1761766777 077717)7·87·176771677,· 67·
8177771 77761 mm 777667· UJHJ 677 7171 777061 17777· 777 6677777771 97776777777 7707 71777

777 71677 6777, 71771 Gocl 71767717677776171677 Π-ἾἾ 777777 717677 667766171677 7776778617

op) 717677. 667766171677 17771961 1161 78 71778 77761 6677 77777171611776 9677677, 77 77771
71677 961711 1761 0776 0677 1761 1761766777, 777667· 6677 077777771676117717 9677677, 67771771
78· 67661767778178617.

Ζ67·6. 12 ; 1 »et 9777 1077776671 877777177777 17077777778 777 77767170 ipsius«.
Dat Ἷῖζ = 4404'4444244 17767· 8666777766 137777 6616617677677 617761 7771 ,7493 71771

6791. 667776777171 6616617661 677 77067· »8666997668 96770777677 7007711 677 7771 ἾῼὟ.
111667· 71666 77167718 78 7777777167· 8177779661, 07777161 {TN oola lcan verlaald
7770771677 71007· >>Ι96717761716<< 677 732 71677 77761 8667997677, 7777767· 7689777676 6077

6616666666.

11667. 12 z 9 777667· 8777617) 78 77677 1766667167 6671678, 7176 77677 176161668617
677 7176 77677 71677 96681. Waar 71667) 17066 1696770067· 61177777· 96816171 worden,
777061677 667716 σ.57ρξ 677 ,westan ,816677 077 71677 7776778617 ; 07777161 67771678 77761
77677 1761 66777) op 1761 andere 17777 966077617771667·71 worden. Βι] ’166776 777061677

