58
college-dictant ναη een det· studenten (Dogmatiek).

7007711, 78 67 001· 777618 7077777 097 60715· 7061176170 9677 77781677 A·7777. Waardoor 0771810771
7777 7176 86167717779 17788617677 materen 677 7077167677. 9 Doordat e7· 607771677877176
777777 7077167 Aeeff ,01777718 96177771. Ε6781 70778 67 77.l 6677 776061776171796 77777880
96706681 677 7777 706771 71007· 607771677877176 71666 101 66776 179777716 777778877 9600777771
60071777 71771 9717777187 976690, 7770681 66 67771677. 077716717788617677 70778 716 777771-
71619777771 7717671677ιῖ6 177 777171 677 716 77777717 611777 9817776171 176907777677 16 werhen
door 716 70177176 7167· 77777716, 60071771 716 7077167677, 7176 7709 776061777778877 waren
7777777· 6077677 7067 71677 9671760677 677 70011677 770777771677. 711677 777 aa 91 6617167·
07770711616777 7 s 70771 717777 Ol) 7166677 71779 9686109677 7·0.e7d9 I3² 17767 77761 716
lucht yesohapen? Το677 67 77706967 mrm 677 0772 was, 70778 67 7709 96677

1776171. Β666 7767 0777167 81611777 s 771166777 96611 0778 1761 766171 0777 777777 6 86169977798·
71779677 16 ,5777617677 677 7007711 7168 16 777777776777617]1767·, 70777777667· 707] 067167717677,
71771 777781 716 1776171 861767717779 7777777171 17788617677 700117677 677 666. Mel pr]

7007711 77116677 ὂ67106171 1761 β777777777677177777.

De derde 71779.

De 170781 7167 77777716 70778 101 7777 106 6977771 677 7077710777 77761 water 0777-
960677, 16770791 71007· 1761 77677161677 0777 716 778, 716 7077167677 777618776’1176771
07779671) 677677 7067 71677 Op 71677 371011 71779 7777 78 716 77777 71170781 776786177077796171
677 71777777771 777061 1761 77767771677 7167666 677 1761 7777777· 6077677 10777677 7167·
17679677 067117777771 700771677. Cf. Ps. 104 ; S 77777777· 707] 777 6677 1071168161·
716 861769797779 9706178617 96861771716771 7777771677. Oby'eefz'cff 177771 71778 66776 7767-
,861707779617779 777777 71677 amca-0737 [71777718 -- 377bjeeti7s 067607776171677 67617
716 7077167677 7167666 677 706771 1761 717 00 96 9667677. Β71 771168 78 6617167· 81661718

‘⁷³20 7777717677 677 (1777777777 77019716 716 8617697]77770871777771.· 1761 770071676779677

777777 97·,778, 1777771677, 77I7777te77 677 1700777677.Ν77 777779 777677 7171 77761 7700781611677,
77180] 716 1776777677 7177777106 766718 777 716 77777716 (7677706679 70777677 77777777 67]
706771677 0011077766 77761 17106777677 677 07 777171677 7177777 777 716 8617697977779 96661,·
1761 700777167 7167· 8616997769 1791 71778 777 1761 101 vollen 7779716771 07609677 ef.

urum? ἾΨζζ.
1)6 vierde 71779.

Deme 71779 176611 7’.6187 9617661 (77771678 971777718,· 7176 667816 9710771677 67977 er
96706681, 7··00771771 7709 1761 6077176171 67· 70778, 67] hebben 71778 966107771 0777167·
1761 108777786176177171. Os) 71777 4⁴1· ¹¹ 71779 77··07711 0775 7677967166171, 71771 God 716
mmm 86177697,- 71778 71771 God 6077, 777777777 777 ,81677677 86177617) 677 177777 17’·-7171

967777771 7670709677 86170771· 677 66 97 816171 heeft 101 1661677677 677 17](197671,677
101 DJDJ 677 DJQJ' 0007 deae 77777716 — 05⁹ 677 Πῆζῖ :7'j77 766718 6706967·

