4
0611696-71161661 van een det· studenten (Boymatiek).

6676717 1791 77677 1761 .5···,617697861 776191 61667671 6161 616 7777766617 96 werAen 6117961
volemen, de 77717667761796 67766116777677 67971061· bij 61677 7776778617 816671 1761
Υ76671677 1766967· 77667· 9616779 1761 76671677 777667· os 77777761675169617916· 78.
1666961791· 6677 77776677 976161669681 77761 6677 7661677667, 6677 beer 77761666 617617167,
6677 69797667777777 77761 e777 de77A·e7, 7677 777617665· 77761 6677 166977Ὕ17777, een 86161661
77761 7777 7,·61611766··.7 677 7679 6661677 dal 1779 (1616618166. 1761 76671677 67611766967·
677 6616167 75· 76791 1761 7771677867 67·’66761 78. 3767791 777677 6171 697 God over,
d7777 Aomt 777e77 161 716 6·677617787“6.· 6161 ⁷7 767667761796 67 66761677 66618 777 Gocl
1766967 777661 816677 61677 616 77717667761796 676676, 6176 77667 17671677 1766611, 677
6161 1761 7777667761796 76671677 (1778 1779 God 00A veel 7771677867 78 61677» 1761 7771-
7667771796. Β79 Gocl 7'77 Zz'j77 777766776179677 6766761 77611 61 1761 8169617916 7669
677 7667711 9617661 (le 6766761 9668161791. Hel 7777667761796 76671677 66618 7’8 6677
(1761718161, 1761 6176171861 6677 1761176716 66618, 677 6161 966176171861 17661 67977
6677767977 76671, dle 78 616 17669816, 616 6611676677816, 616 667779 6617666116 6766761]
711677 77769 71775 61677 76661 86618· 77761 667961791677 bij 1761 projeci 67777 6677
6761771661, 776771 bij 1761 971677 6677 61677 667776777668167 78 67 7769 777618, 16777 791
777 71677 76661 66618· 616 7776617166 677 1776617166 9696677667τῖ 7767677 7766777716176
bomo 66778 9676617866761 6677 76676166. 117677776616 667661166773611 616 67669,
6117971 61667· 67796166761677 69796766797677, 77761 6661 ·77όό7 616 8617697977779 6677 96-
616677 hebben. I77 9716618 6677 16 6699677 .· 6661 78 7667161668 96766681 161
cle 8617697977779, 777661 777677 677177766761677 .· Gocl 78 616 7667166716, (le 611668
7667166616, 616 667779 7667167766. 176771 6116 7667177677 6677 7776778617677, 67796166
677 61767677 78 6716166861 6677 1761 76671677 66618. Bit druAt 777677 7771 61667·
16 6699677.- Deus 681 661778 purissimus, d. 7723. 6666166796 661778, 76667679
777618 77717 66611 77667 door 6176 661778 968166761 77··67611,· 777 C 661 777. 6. 76. 78 de
6616687168 61767776 oper-(777³ 7·7777 66777679ἦ6761 161 66777679176761.
11767 61666 6616687168 7777 ooA 6617777168 7667611, 777661677 7679 6177667167
6776167571777717779 77761677 677 7661.·
A. 1688617677
a. τό ἔργον τοῖς τρισὶ προσώποις κοινωνοι·.·
b. το ·’ργον 77771 1775571776 616 71776 9767867766 76676116996616677,7777771677
7677 697 71777 6777167· 7766796761, 9677666771 διαίρε τοι oJ' 8697676177777.
Β.17685·617677
a. 616 inblijvendc 61671677 (iudx, 7161 67977 616 76671677, die 777 Hem
1717977677, 677
b. 716 uitgaande 76671677. 71. ε’. 6176 77667· ὐ7771677 17661677.
De 777171796677616 61671677 (177718 67977 de 6661716661, 616 777196677716 777161667861
van (16 77761797677616. Dece bee'de 7777, 716 opera 77777776776771777 677 6667777176
worden 16 86777677 7667167· 6776167· 6677 176697196661, 77.1. de opera 7771677761, 777

