50
college-dictaat van een der studenten (Dogmatiek).

Analoqc'e wanneer 0626 116106 6660166111661116 zaken 11111110616616 21111 van
6611 bron.

136 2161116 16 6611 666010611666106. 20006, 61160616 (16 201106 660 66111161110611-
666106 2161816 16; 0116 16 61 60610616, 0111061 116106 1111 06 301106 komen.

Nu 116611 111611 11161-111] 111166 (11116611 111161 16 00061661161060; Ι111161111611661161ῇκ
1161166111 11611 116111161106 0111616611 Of door 11606116, 016 61 11611 11111160 worden
1116611166111, of 0001061 61 111616 111κ01111 111 ’1 10611661161111( 0166016016. B.v.
Wanneer ik 6611 11661 116601, (116 11611 11011611 61 111661111611112161, 1116611160
1011111611 1161101 16. 11111161161116 van 6111 116611 61 11161 1116616 661160. 13611661·
1111610 101, 001061 06 110001 66611 1161111001116 10661 1160 11161 06 11661· 0001· 0611
61661, 611 dus ziJn νόμος 11161 kon laten werken op (16 1006111106 0661611 11611
06 peel:

Ε611 1110616006 geranium, in 6611 1161061 6611166111, 1161·1)166κ1 611 101111111611016,
0011 61 16 61· 111616 6611 660660.

Ε611 0000 1161166111 6661 01161· 101 0111111110106, dus 10110610611106 van 060
νόμος 001( a] 1661 111611 1161 6111 1166611. 13001061 06 2161 1116661116, 16 06 νόμος
weg, 016 1161 0166016106 16 2610611 110110.

Ζο0 nu 16 1161 00]( 11161 06 2011(16; zi] 16 66611 druppeltjo 61116101 111 0611
1116116611 6606016610, 01661· (16 νόμος 16 11166661101060 60 06610001 0111614661 1161-
1011106, 1166611111111161106, 0011000106. Of wil 111611 6611 611061· 1)6610; 1161 10611-
6611111111( 11116260 16 6611 fijn, kunstig bewerkt werkbuig. Μ661· 61160616 1116110661
10 660 11011066 1161 1100101110 01661 6611 11661136 11611 2110 spi} 6166101111, 61166 Of
stilstaat “of 21611 stul< 1111·11161; 200 16 1161 001( 11161 0611 1116116611. WVordt 06
νόμος 66116 1116666001060, 060 16 61166 1160011160 611 kam 06 1116116611 1161 [11121611
2611 0161 01661 166111 11111660.

136 νόμος (116111 0116 0116161 010 16 1161100060 60 16 redden.

Beido 0626. 1661116 611 10661116 21111 effecta (116 06 20006 116611. 661160
11161 op 6611 6616016610 1001111011, 111661· op (160 1116116611 616 01661116611110
11611 6611 0166016606 66011610, (161 16 01) 0116 111611661161111( 666166111. 1311
2011 160 (16016 111661· 21111 6611161160, 001( 61 11161-6 11161 06 661616 10606611
16606 2000661· 6611101060, 111661· 1111610 1111661· 111 11016116κ1611 2111, 'nu 06
661616 1116116611 mods 06 1161 (1006 111611. 1311 10611 (1660 hij 616 06111011111(
110010 1160 0116 6661661111, (16.1 66616611100160116 111 21611 01666006 611
16661111( 616 1100ΐο 11611 011 1161110110 1161 66066116 666166111 jure. 1161166611-
ννο010166006. Do ἀνομία 11611 Adam breekt 060 01660, 016 ons 666166111
6611 <ivn νόμος 110110 011 1116610 tius, 061 (10 1)6110110611(16 working van

