137
Colloge-dictaat van een der studentem (Dogmatiek).

Nog 611665 16166 111] ν661·1 6661· (16 1161166166 van ’t 166 van 21]11 wil ἡ
111661· 111 66 1166611116 van (16 1161111116, 111-661111 (111166 21611 1161166611 2611,
was hij onvrij geworden. Dit 6111111, 161661 (166 (16 116616 6611 1116115611
stuic 611 21]11 1666116116 1161116111111161116 116151611. 1)11 11161-66611 van God
in 21]11 11762611 11611 111] 116611 1166151666, 116611 1161161661611. (1166111161
6611111661 616615, 6611 15 (16 drijf 11166111 (165 11661611 11661· 1116616166 611 111111
(16 wodergeborono (1626 6111111161111661· 6611611161 6151111166. (1611]11 6611161·
111 6611 66116111616116 2611616 vestigia 6611 511611611 assoop 11661 66 6161116
(165 16166115 1166 ν61·11·666(1611, 266 1161611111161611 6611 (16 1116616 11666611
(1611 2611161611 loop naar God 166. Ε611 51661615, 1116616611 66151666 611166
1161111 (1661· 6611 (1666 611 (16 dam-op volgende ν61·1166111]111116, 615 1161111661·
(16 mensch door 616611 6611166166 1166116661166 611 (16 (111]111166111 (165
Η661611 1661616116 21611 2611611611 261 11661611 11661 ’1116665136 6666 611161
6611 11161 111661· 1111111166 26661661] 261 66116111611 21]11.”’

Willen wij (1626 pmagmaf 6666 1166166611. (1111 15 1161666616 6611666661661
51611166 16 hebben 11611 (16166116, 11166116 (16 wc'l 6116(1’5(·1161(1(·11 15 1· (111 (16 lcfwze
611 van 66 lsraelem, (116 (1661 (16 1161126 111 (1611 1111 1116111611.

VelgeliJ'ken Wij 6611 11766611 op 17161· 11161611 611 1615 11161 66611 111(1 11(6Γ1(1111
21611 1111] (111 611661561161(1,(111 111] (1611 wagen (16 1)(111166111666151 (η) 6611 1116111
1116161 617616611116111 611 1 611 (1611 11166611 op (16 1νί61611; 161111]1 111] 6611 5166( of
1166111116 2611661 111161 6661766616 (16 616611 1161166166611111166111. Η(1 6611( gzm't

(1115 pr·0p1io 1116111,1161 6116616 vi coactum.
Nu 15 66 wil ε 1161 περί.

Wat 15 nu (16 61661166161611616 van 6611 111611)

Η61 wie] 11611 11661· 11166 116111611 1116616166. Dat. 15 f
6611 266 111 (1611 wzfl,· hij 15 6611 bila-nx, 6116116111, 1111116111 s
21]11 spi] 1166161611 11661· 116166 21](1611. (ffsf

Ζ61 nu d 11 11161 611 6611 11(6 6611 11((11 1161 1161 111 ⁴ χ

21611 2611 11(1 1Μ6111166(11 6111 1661115 61 1111115 1( (11 (1111111 s

111-161 (161 1161616666 11( [st (1116611 1161 effect 6111 16 1111111 111111 (11(11 111111,
111661116611 de 1166 11611. Ν66111 1161 11161 van (1611 11 (σ af 611 1111 7.(11 1’1·1]’ 6111111111;
ΥΥΓᾶἯ PlasttS 1161 op 6611 1166 611 1161 15 6611666266111 11161 (1( 11 1116 1( (11111111.

ΖΟΟ IS 1161 6611 11161 6611 1111.Η61111151161··(111(111( dingen afgozonmrd. 66111611
165 66666111 van 6116 1611666611. 116611 1161 1616166611, 11661· 11116 1111111611 16 611611
611 111 (11611 2111 15 (16 sulutem& libera..

